name: machine-learning
channels:
- conda-forge
- anaconda-fusion
- defaults
dependencies:
- absl-py=0.1.10=py_0
- backports=1.0=py35_1
- backports.weakref=1.0rc1=py35_1
- blas=1.1=openblas
- bleach=1.5.0=py35_0
- ca-certificates=2018.1.18=0
- certifi=2018.1.18=py35_0
- cycler=0.10.0=py35_0
- freetype=2.7=vc14_1
- html5lib=0.9999999=py35_0
- icu=58.2=vc14_0
- jpeg=9b=vc14_2
- libflang=5.0.0=vc14_20180208
- libpng=1.6.34=vc14_0
- libprotobuf=3.5.2=vc14_0
- llvm-meta=5.0.0=0
- markdown=2.6.11=py_0
- matplotlib=2.0.2=py35_2
- numpy=1.14.2=py35_blas_openblas_200
- openblas=0.2.20=vc14_7
- openmp=5.0.0=vc14_1
- openssl=1.0.2n=vc14_0
- pandas=0.22.0=py35_0
- pip=9.0.3=py35_0
- protobuf=3.5.2=py35_vc14_0
- pyparsing=2.2.0=py35_0
- pyqt=5.6.0=py35_4
- python=3.5.5=0
- python-dateutil=2.7.2=py_0
- pytz=2018.3=py_0
- qt=5.6.2=vc14_1
- setuptools=39.0.1=py35_0
- sip=4.18=py35_1
- six=1.11.0=py35_1
- tensorboard=1.5.1=py35_1
- tensorflow=1.5.0=py35_0
- tornado=5.0.1=py35_1
- vc=14=0
- vs2015_runtime=14.0.25420=0
- webencodings=0.5=py35_0
- werkzeug=0.14.1=py_0
- wheel=0.31.0=py35_0
- wincertstore=0.2=py35_0
- zlib=1.2.11=vc14_0
- pip:
  - tensorflow-tensorboard==1.5.1
prefix: C:\Users\cskot\Anaconda3\envs\machine-learning

